# transformation of the main camera in IMU frame
T_imu:
  cols: 4
  rows: 4
  data: [  0.01996591 ,-0.99975163 , 0.00990175 ,-0.2910075 ,
           0.00861175 ,-0.00973139 ,-0.99991557 ,-0.00462673,
           0.99976357 , 0.02004949 , 0.00841531, -0.08742765 ,
           0.         , 0.         , 0.        ,  1.  ]

rate_hz: 200

accelerometer_noise_density: 0.0028     # m/s^1.5
accelerometer_random_walk:   0.00086    # m/s^2.5
gyroscope_noise_density:     0.00016    # rad/s^0.5
gyroscope_random_walk:       0.000022   # rad/s^1.5

