# transformation of the main camera in IMU frame
T_imu:
  cols: 4
  rows: 4
  data: [0.028005, -0.003616, 0.999601, 0.040 ,
         -0.999603, -0.003289, 0.027994, 0.020 ,
         0.003186, -0.999988, -0.003707, 0.034 ,
         0., 0., 0., 1.]

rate_hz: 200

accelerometer_noise_density: 0.0028     # m/s^1.5
accelerometer_random_walk:   0.00086    # m/s^2.5
gyroscope_noise_density:     0.00016    # rad/s^0.5
gyroscope_random_walk:       0.000022   # rad/s^1.5

